17 1
40 53
39 9
91 69
64 40
13 71
84 94
16 60
60 70
12 42
24 55
65 39
31 44
43 12
91 68
11 53
98 52
4 20
57 68
46 43
55 58
36 88
79 18
92 77
31 12
11 1
81 94
35 66
92 78
20 42
67 97
62 2
68 25
52 12
25 14
80 97
90 23
45 16
90 29
51 87
34 55
78 51
40 38
82 94
85 48
17 66
52 23
40 25
19 64
35 10
15 30
12 43
51 18
56 18
80 33
80 78
83 59
90 52
95 73
62 0
71 33
68 50
13 53
22 51
65 41
90 56
46 23
35 18
56 21
27 2
64 32
94 80
3 64
60 41
34 99
27 6
68 99
45 69
77 30
64 49
60 74
71 8
64 92
47 35
57 9
27 84
23 39
79 70
58 51
43 49
22 45
87 88
34 75
56 78
48 66
48 72
16 22
61 65
98 69
24 8
21 97
37 87
17 3
43 86
52 68
93 22
84 15
44 94
71 1
28 70
91 30
19 48
27 63
7 6
8 38
25 58
17 39
91 25
53 31
52 62
68 54
22 59
72 7
9 15
14 24
72 3
79 73
39 27
32 7
19 10
11 85
24 43
50 11
63 17
92 21
39 42
99 23
71 69
31 28
63 0
35 12
17 72
41 53
13 59
93 78
75 13
96 22
1 77
92 56
8 13
75 45
24 16
37 11
64 0
30 36
20 13
43 40
79 11
71 13
83 54
60 42
10 87
34 38
48 10
98 50
34 26
40 58
92 37
45 64
56 86
22 4
1 72
20 91
52 97
18 98
70 69
86 41
35 65
6 31
21 33
65 32
47 76
54 88
95 35
28 38
68 60
98 76
13 63
33 64
89 43
91 78
53 33
81 89
45 24
98 62